100.jpg:392,195,122,168
101.jpg:430,236,248,69
102.jpg:215,409,163,243
103.jpg:199,672,277,87
104.jpg:163,543,62,146
105.jpg:200,565,162,188
106.jpg:186,277,135,271
107.jpg:197,555,202,169
108.jpg:231,399,115,143
109.jpg:0,0,173,89
11.jpg:492,554,158,304
110.jpg:177,414,154,170
111.jpg:235,366,70,152
112.jpg:180,485,132,159
113.jpg:773,432,175,120
114.jpg:714,426,294,270
115.jpg:824,402,438,232
116.jpg:1133,343,455,151
117.jpg:706,347,420,283
118.jpg:937,613,249,107
119.jpg:372,319,615,249
12.jpg:317,770,183,403
14.jpg:158,647,456,369
15.jpg:245,784,345,445
18.jpg:178,603,355,821
20.jpg:269,253,292,765
21.jpg:257,431,259,685
22.jpg:360,496,267,796
25.jpg:296,93,518,1494
26.jpg:179,110,447,1319
27.jpg:281,239,715,1328
28.jpg:221,409,775,947
29.jpg:373,465,623,697
30.jpg:373,625,281,454
31.jpg:none
32.jpg:245,313,413,1336
33.jpg:299,0,498,1545
34.jpg:334,42,431,1490
35.jpg:282,70,395,1415
36.jpg:233,60,391,1469
37.jpg:350,540,229,712
38.jpg:344,594,220,681
39.jpg:145,555,535,560
40.jpg:193,100,533,1398
41.jpg:313,330,399,1091
42.jpg:200,334,571,1244
43.jpg:none
44.jpg:371,816,255,498
45.jpg:153,326,135,161
46.jpg:252,747,367,714
47.jpg:360,571,557,542
48.jpg:309,840,230,272
49.jpg:405,631,121,257
50.jpg:331,478,221,468
51.jpg:434,376,243,615
52.jpg:280,937,108,249
53.jpg:370,708,283,419
54.jpg:63,962,295,561
55.jpg:366,824,232,439
56.jpg:305,714,268,295
57.jpg:397,688,200,249
58.jpg:474,741,119,349
59.jpg:334,884,298,214
60.jpg:342,1160,481,150
61.jpg:226,835,136,152
62.jpg:145,1531,292,239
63.jpg:180,485,132,159
64.jpg:235,366,70,152
65.jpg:177,414,154,170
66.jpg:260,448,69,102
67.jpg:231,399,115,143
68.jpg:266,529,144,158
69.jpg:209,331,324,320
70.jpg:147,441,212,405
71.jpg:81,583,347,217
72.jpg:37,557,171,325
73.jpg:215,409,163,243
74.jpg:197,555,202,169
75.jpg:186,277,135,271
76.jpg:200,565,162,188
77.jpg:163,543,62,146
78.jpg:199,672,277,87
79.jpg:228,0,187,603
80.jpg:213,478,134,253
81.jpg:194,514,170,122
82.jpg:275,430,69,248
83.jpg:746,382,715,366
84.jpg:571,83,542,557
85.jpg:839,462,273,228
86.jpg:885,405,258,121
87.jpg:477,448,469,219
88.jpg:688,403,249,200
89.jpg:742,407,347,119
90.jpg:676,334,211,291
91.jpg:464,342,150,481
92.jpg:834,552,153,220
93.jpg:529,170,158,142
94.jpg:331,49,318,322
95.jpg:439,220,407,213
96.jpg:583,152,217,347
97.jpg:557,372,325,170
98.jpg:0,165,603,145
99.jpg:297,213,253,134
chicky-1.jpg:75,77,212,722
chicky-10.jpg:65,278,110,361
chicky-11.jpg:468,254,119,332
chicky-12.jpg:271,290,161,498
chicky-13.jpg:204,376,397,557
chicky-14.jpg:309,437,364,587
chicky-15.jpg:157,154,319,817
chicky-16.jpg:66,165,422,764
chicky-17.jpg:96,444,717,324
chicky-18.jpg:263,198,154,439
chicky-19.jpg:0,93,643,796
chicky-2.jpg:none
chicky-20.jpg:354,506,211,90
chicky-21.jpg:479,311,207,110
chicky-22.jpg:none
chicky-23.jpg:439,356,93,205
chicky-24.jpg:189,212,118,158
chicky-25.jpg:204,163,102,225
chicky-26.jpg:288,321,242,73
chicky-27.jpg:289,432,237,69
chicky-28.jpg:none
chicky-29.jpg:0,90,1024,771
chicky-3.jpg:310,254,163,575
chicky-30.jpg:670,442,354,582
chicky-31.jpg:342,344,247,70
chicky-32.jpg:575,323,171,119
chicky-33.jpg:509,250,166,100
chicky-34.jpg:397,296,260,97
chicky-35.jpg:513,292,227,126
chicky-36.jpg:578,231,202,139
chicky-37.jpg:242,229,272,117
chicky-38.jpg:0,201,674,260
chicky-39.jpg:none
chicky-4.jpg:none
chicky-40.jpg:none
chicky-41.jpg:none
chicky-42.jpg:389,230,154,190
chicky-43.jpg:none
chicky-44.jpg:213,346,690,422
chicky-45.jpg:274,302,169,141
chicky-46.jpg:none
chicky-47.jpg:none
chicky-48.jpg:none
chicky-49.jpg:309,41,227,857
chicky-5.jpg:334,296,312,93
chicky-50.jpg:402,434,189,487
chicky-6.jpg:258,543,243,261
chicky-7.jpg:122,501,86,278
chicky-8.jpg:334,325,181,429
chicky-9.jpg:307,593,90,166